 C                 -1.31184900   -0.60327000    0.00000000
 C                 -0.00268700    0.15833800    0.00000000
 O                  0.03504400    1.36906900    0.00000000
 C                  1.27944700   -0.66171900    0.00000000
 H                 -2.15283200    0.08882800    0.00000000
 H                 -1.36517800   -1.25454100    0.87896800
 H                 -1.36517800   -1.25454100   -0.87896800
 H                  1.10053700   -1.73799900    0.00000000
 H                  1.87073700   -0.39386300    0.87952500
 H                  1.87073700   -0.39386300   -0.87952500
