 C                  1.47229800    1.24392500    0.00000000
 C                  0.84893600    0.06236700    0.00000000
 O                 -0.51616200   -0.07893000    0.00000000
 C                  1.51801500   -1.27581000    0.00000000
 H                  0.92582300    2.18118500    0.00000000
 H                  2.55172100    1.29568400    0.00000000
 H                  2.60246400   -1.17043100    0.00000000
 H                  1.21580900   -1.84949900   -0.88124000
 H                  1.21580900   -1.84949900    0.88124000
 H                 -0.92999100    0.79167700    0.00000000
