 O                  0.67481900    2.43967200   -0.42948000
 C                  1.19037000    1.35288600   -0.23275000
 N                  0.48681600    0.17142900    0.12021100
 N                  1.37538900   -0.91793300    0.12224100
 C                  2.65571700   -0.39405100   -0.04649900
 C                  2.58359400    0.92975500   -0.31086300
 C                  3.83284200   -1.30453400    0.06169100
 C                 -0.90230500   -0.07049100    0.03874600
 C                 -1.80500800    0.97210500    0.29303500
 C                 -3.17198100    0.72173400    0.23527200
 C                 -3.65849500   -0.55247800   -0.05626800
 C                 -2.75662600   -1.58413200   -0.30371100
 C                 -1.38400600   -1.35073800   -0.26425200
 H                 -1.42906300    1.96026800    0.51252100
 H                 -3.86293400    1.53503900    0.42688700
 H                 -4.72570300   -0.73713400   -0.09235900
 H                 -3.11754600   -2.57853000   -0.54175500
 H                 -0.69119100   -2.15037600   -0.49176200
 H                  3.39343000    1.59371600   -0.56462000
 H                  3.89246300   -1.76319100    1.05457300
 H                  4.75484200   -0.74905900   -0.10809800
 H                  3.77123500   -2.11160400   -0.67378300
 H                  1.23840100   -1.52425800    0.92729900

