 O                  4.03362700   -0.78345300   -0.29469400
 C                  2.80131900   -0.24962400   -0.11832700
 N                  1.71970300   -1.06307500    0.04906000
 N                  0.57420800   -0.31287100    0.17808600
 C                  0.96053600    0.95034100    0.09767000
 C                  2.36391500    1.05552100   -0.08898500
 C                 -0.03700000    2.05906100    0.21582900
 C                  1.63557100   -2.48261100    0.04518000
 C                  2.70577300   -3.27422300    0.47148100
 C                  2.58074700   -4.66164400    0.45877500
 C                  1.39706600   -5.26568500    0.04156500
 C                  0.32941200   -4.46741500   -0.36777500
 C                  0.44283400   -3.08127100   -0.37232000
 H                  0.18448800    2.70102200    1.07369500
 H                 -1.03720500    1.64381900    0.34436500
 H                 -0.03442900    2.69052700   -0.67771500
 H                  2.96300200    1.94719100   -0.18599500
 H                 -0.37955000   -2.45187900   -0.68262200
 H                 -0.59885300   -4.92460800   -0.69152500
 H                  1.30551700   -6.34564600    0.03911300
 H                  3.41511900   -5.27014900    0.78895800
 H                  3.62330800   -2.81491900    0.80918500
 H                  4.65044000   -0.07459800   -0.50417200

