 O                  4.18778300   -0.61073400    0.00222400
 C                  3.02751400   -0.25827700    0.00201100
 N                  1.89203500   -1.06435900    0.00097500
 N                  0.70631400   -0.31411600    0.00060800
 C                  1.00406200    0.93436900    0.00113500
 C                  2.48481600    1.16614100    0.00191200
 C                 -0.04431300    1.99469300    0.00086700
 C                  1.80114900   -2.48109100    0.00027000
 C                  2.95573500   -3.27652700    0.00059100
 C                  2.83052300   -4.66371500   -0.00011600
 C                  1.57825300   -5.27317100   -0.00113500
 C                  0.43612000   -4.47456900   -0.00144800
 C                  0.53766000   -3.08725400   -0.00075500
 H                 -1.03670300    1.54337900    0.00023600
 H                  0.05395900    2.63823400   -0.87962700
 H                  0.05304800    2.63777500    0.88179800
 H                  2.83747200    1.71093500    0.88267400
 H                  2.83836100    1.71119200   -0.87833600
 H                 -0.34817100   -2.46927700   -0.00099800
 H                 -0.54750300   -4.93103400   -0.00223900
 H                  1.49290400   -6.35359500   -0.00167900
 H                  3.72973200   -5.26966400    0.00014100
 H                  3.92991900   -2.81263500    0.00138100

